#  L1   L3   E4frac   E5frac
1.154561620087467544e+00 8.400612830292659705e-01 5.255150525305379849e-01 9.193052810426085575e-01
1.862061213343777943e+00 5.081909526720042036e-01 1.226026176769368092e-04 7.966182109944072165e-01
2.985597770018871167e+00 4.127344401476444880e-01 0.000000000000000000e+00 7.725142048308386578e-01
2.654703423417245745e+00 3.728881466791396093e-01 0.000000000000000000e+00 7.639307701123059235e-01
2.067067702699763920e+00 8.932420992384944025e-01 6.741312438873066082e-01 9.445801435182494821e-01
1.709210559847095467e+00 6.979928016042487027e-01 1.732205306786609444e-01 8.593912467140580880e-01
2.959307193791766544e+00 3.509095040742511440e-01 0.000000000000000000e+00 7.595688545488411547e-01
1.199182007922929172e+00 9.025876807882575736e-01 7.011900134994810685e-01 9.491819750849457282e-01
2.675768278160622238e+00 3.409714119441175084e-01 0.000000000000000000e+00 7.576834975891838520e-01
1.191209216738425836e+00 6.555071518578859946e-01 8.239226161692247974e-02 8.436238596919837240e-01
1.552397184779189088e+00 8.018927097940649062e-01 4.244726987689332320e-01 9.021212072736282117e-01
2.926994251319710472e+00 5.495296140274071872e-01 5.177098531884971599e-03 8.086073108185878322e-01
2.174333922749920767e+00 8.072206212411304760e-01 4.382949943277361093e-01 9.044719378108393437e-01
2.496567362735988560e+00 6.478949814490951864e-01 7.093438765835746729e-02 8.409033758695099170e-01
1.838350994066892952e+00 4.336761479443222989e-01 0.000000000000000000e+00 7.773743853598334974e-01
2.987850994433975949e+00 7.020635570501457812e-01 1.824092942080476343e-01 8.609539616000081441e-01
1.329041284215535690e+00 7.007474359582948065e-01 1.794326182902209466e-01 8.604477241990169389e-01
1.628744852668166487e+00 7.586452175255380403e-01 3.156619491572311142e-01 8.836159777478281852e-01
1.982769828435381410e+00 8.236644829405990187e-01 4.815328080217288198e-01 9.118253074866886632e-01
2.098094893211380096e+00 4.356157587008189780e-01 0.000000000000000000e+00 7.778367019074771127e-01
1.893249092726436933e+00 8.654576038696337736e-01 5.953485643292972807e-01 9.311817286274316485e-01
1.954836824146066299e+00 4.922812514626404012e-01 0.000000000000000000e+00 7.922537936907567691e-01
1.958912735345259115e+00 3.363833137246085014e-01 0.000000000000000000e+00 7.568313632049455952e-01
2.241041437277219828e+00 6.931698376340542644e-01 1.624029917270509715e-01 8.575515292052808825e-01
2.429376000280155878e+00 6.905898029735114685e-01 1.566469657628600798e-01 8.565726132249763536e-01
1.742737324674861643e+00 4.592678320546574877e-01 0.000000000000000000e+00 7.836402686066759049e-01
2.222911048244204046e+00 5.001518815748799973e-01 4.119329399809856795e-08 7.943955496110330916e-01
1.297511548662104275e+00 7.225101911937372723e-01 2.293709398762295848e-01 8.689406360333723489e-01
1.723877793763521016e+00 3.502737876538410955e-01 0.000000000000000000e+00 7.594466311922715152e-01
1.752531115155428143e+00 8.247943884223470912e-01 4.845358180051289043e-01 9.123360234702601046e-01
1.271091664377788533e+00 7.844496184166787067e-01 3.798601626262941844e-01 8.945340412629751992e-01
2.184335165998234629e+00 7.598271937068289406e-01 3.185556402997249403e-01 8.841081020917895827e-01
2.464409564810067454e+00 6.963799301781614659e-01 1.695946360968129119e-01 8.587745979756487014e-01
1.886310972756164217e+00 5.704396371759957729e-01 1.131579434674467866e-02 8.150285645497283848e-01
2.690989578890133238e+00 9.083007536398020054e-01 7.178700885904572004e-01 9.520187225493975669e-01
1.475113538869232688e+00 6.919556487509714859e-01 1.596914773162926293e-01 8.570903872986892491e-01
1.220314873061211003e+00 9.009788602747179631e-01 6.965118401628593858e-01 9.483863673746359968e-01
1.462783808755095505e+00 4.396193961178994636e-01 0.000000000000000000e+00 7.787975145543235556e-01
2.659096233781893748e+00 7.833806563362645248e-01 3.771580845713811136e-01 8.940745041788061842e-01
1.332634188865111646e+00 4.348311975062824075e-01 0.000000000000000000e+00 7.776494490935623727e-01
2.277673211461382685e+00 6.429915768512840524e-01 6.443659027116777072e-02 8.391677943113504679e-01
1.509364765133240471e+00 3.495560099208956939e-01 0.000000000000000000e+00 7.593088970433763407e-01
1.992789800732341243e+00 8.922769511342836246e-01 6.713528424533494743e-01 9.441076262675764941e-01
2.830246734647554163e+00 5.377136204062298308e-01 2.877407412926080710e-03 8.050847688190689855e-01
2.923209616938822197e+00 6.772589972358693533e-01 1.272480686829262631e-01 8.515728007964162849e-01
2.693724053266409957e+00 7.553953609221067955e-01 3.077289344775654412e-01 8.822668255914227764e-01
1.727732028370605910e+00 7.382135879936425615e-01 2.663536086842415163e-01 8.752302055585443608e-01
1.196173923318293975e+00 8.613767802634424431e-01 5.839870805006045495e-01 9.292495034864972636e-01
1.922800138356762556e+00 3.680019629279210891e-01 0.000000000000000000e+00 7.629381505940621144e-01
1.458649053273421314e+00 9.067245383062474406e-01 7.132576056432844425e-01 9.512342866740279845e-01
1.628726836787168786e+00 5.393626765006190871e-01 3.152894505658920821e-03 8.055717824487156342e-01
2.104692252638681094e+00 8.391855868438573562e-01 5.231441999542816301e-01 9.189020748221568002e-01
2.660344715228197821e+00 9.078776218139299470e-01 7.166310902156488583e-01 9.518080085400761892e-01
2.576545076725659023e+00 5.121134369716698886e-01 2.717134499902185141e-04 7.977155736769137029e-01
2.811843290769632020e+00 5.442566492205471729e-01 4.055735854805897489e-03 8.070258932626100945e-01
2.922704959960997328e+00 6.473450985157833681e-01 7.017521190441033951e-02 8.407080859916892246e-01
1.587187621001797444e+00 5.435890364179721823e-01 3.924910731974651235e-03 8.068267566257184553e-01
2.670705062661157925e+00 7.968133445184258923e-01 4.113804391253695902e-01 8.998946325043145622e-01
1.663673819391290110e+00 3.540942469224497846e-01 0.000000000000000000e+00 7.601844919793682154e-01
1.881826272981628634e+00 6.657300447710345903e-01 1.022849488264315765e-01 8.473273722493934734e-01
1.413575802241037405e+00 5.613500389226926401e-01 8.295083598512831280e-03 8.122077818278405914e-01
1.964008942508713718e+00 5.343630813777304756e-01 2.360816154865053029e-03 8.040998515381527767e-01
1.503141271184148309e+00 8.326775490982309957e-01 5.056018678260749688e-01 9.159186850044347405e-01
1.804060561598179291e+00 9.165565036229084139e-01 7.421597787884213204e-01 9.561496222429287650e-01
2.160237039532974634e+00 9.334359807386705121e-01 7.925058397684308087e-01 9.647118775116376721e-01
2.943351062328383616e+00 6.697286477643831226e-01 1.108943964902059376e-01 8.487915640289463992e-01
2.387730573019826608e+00 3.422969688036628377e-01 0.000000000000000000e+00 7.579318388623297320e-01
1.591454681094836676e+00 7.339495225940428913e-01 2.562327739712416674e-01 8.735089751651770040e-01
1.357897299656893209e+00 7.102237322467686020e-01 2.009898661317282009e-01 8.641139228115184423e-01
1.280333700763015115e+00 4.254087358977816091e-01 0.000000000000000000e+00 7.754269418044279494e-01
2.430423889183021657e+00 8.898793791126704544e-01 6.644638770481109402e-01 9.429360335115835046e-01
2.943082098033663385e+00 9.123696463488808472e-01 7.298139323649406318e-01 9.540499884974389389e-01
2.923032634145625419e+00 4.976081970049215930e-01 0.000000000000000000e+00 7.936996467898186358e-01
2.000707435038844295e+00 8.630491451051309770e-01 5.886366432855798525e-01 9.300402454567311405e-01
1.249233007333778733e+00 3.679538112756280399e-01 0.000000000000000000e+00 7.629284338194396442e-01
2.356854111826574449e+00 5.301329444763571708e-01 1.788681095143296318e-03 8.028651622354880946e-01
2.554992790266946034e+00 3.508637832443518012e-01 0.000000000000000000e+00 7.595600568284319731e-01
1.880942462292682027e+00 5.958553059933723306e-01 2.317626064322075852e-02 8.231562924060842334e-01
1.825672643988186072e+00 6.338532505128167127e-01 5.375121159931939285e-02 8.359684277401610020e-01
2.940564909204064215e+00 4.975031673398501164e-01 0.000000000000000000e+00 7.936709889873558854e-01
2.438661341368538960e+00 3.435531014130518423e-01 0.000000000000000000e+00 7.581680627951966622e-01
1.298710875702935752e+00 8.149098572248436589e-01 4.584046909286106919e-01 9.078919542395595954e-01
2.451737912195143920e+00 3.977268308530391705e-01 0.000000000000000000e+00 7.691791498392394066e-01
2.701052382118033890e+00 5.864421442705517462e-01 1.813930270510644149e-02 8.201047353723467381e-01
2.817879175287989924e+00 8.916628398742407757e-01 6.695865451847002880e-01 9.438072355756291776e-01
1.380318191265436756e+00 5.700943354954568498e-01 1.119039898895102247e-02 8.149205788774949166e-01
1.934151146566414958e+00 7.047282196197137694e-01 1.884530733670710667e-01 8.619818151984817156e-01
1.874676696341774473e+00 5.580627614513030688e-01 7.340002711253124090e-03 8.111987941782415890e-01
1.299803182384429157e+00 7.075506264720999861e-01 1.948796045060119386e-01 8.630747626710901788e-01
1.510100460516518250e+00 7.638914810774770636e-01 3.285401269884775655e-01 8.858061440456593827e-01
2.003765062146769083e+00 7.789350597880578819e-01 3.659602153159720039e-01 8.921701046455733364e-01
2.755825342116231980e+00 6.974383062265425703e-01 1.719730240130118437e-01 8.591790857164984807e-01
2.108502586271526535e+00 9.016719088496294443e-01 6.985260829508506131e-01 9.487289256719133590e-01
1.247761703176222259e+00 9.127380798996349576e-01 7.308980694971976000e-01 9.542343655607478103e-01
1.235944400075291938e+00 3.819919499839729005e-01 0.000000000000000000e+00 7.658151135471475968e-01
1.644798151151821486e+00 5.417073003233443540e-01 3.569299579985196758e-03 8.062667846785526171e-01
2.908134252859456481e+00 5.555442602751672343e-01 6.655094319639176526e-03 8.104297817884744681e-01
2.956779631678867482e+00 9.053417313907012876e-01 7.092176912400558475e-01 9.505472264013701267e-01
1.486873173211357368e+00 8.778087268964722689e-01 6.300627301997445695e-01 9.370854983332898014e-01
1.285079457616517651e+00 7.903651522130543672e-01 3.948798178549641769e-01 8.970884043971028010e-01
